time=[0,3,8,13,18,23,28,33,38,
43,48,53,58,63,68,75,85,
95,110,130,150,175,205,235,265]

aorta=[0,124,886,5406,29009,84960,90750,78030,57405,
42104,34094,27709,23290,22109,21168,18760,16693,
15754,14843,14245,13780,13292,12567,12291,11974]

brain=[0,131,120,116,271,1984,4982,8035,10641,
12466,13561,14294,14700,15073,15312,15330,15338,
15308,15131,14855,14643,14123,13874,13473,13141]

iliopsoas_muscle=[0,27,48,60,232,410,2308,3171,3307,
3502,3567,3661,3758,3843,3473,3797,3717,
3747,4001,4017,4305,4518,4875,4938,5177]

left_ventricle=[0,591,22556,104839,85805,77595,54018,38902,3375,
28872,28720,26316,23821,23311,27377,21921,20258,
20934,18856,18351,17096,15520,15054,14202,13479]

liver=[0,52,447,919,1135,2551,4105,5648,6976,
8132,9542,9894,10246,11641,13429,12878,13726,
14919,15138,15314,14502,13750,13040,12203,11601]

kidney=[0,30,63,114,1208,9420,9420,22377,30467,
34942,36467,30329,25564,25664,26808,20579,17790,
16638,14134,13163,12187,11746,11500,11404,11249]

pancreas=[0,43,80,188,886,6350,9795,13184,16079,
16296,20631,18088,15458,18361,23530,16859,16674,
16933,14687,13925,12664,12138,11410,10810,10611]
