time=[0,30,75,105,135,165,195,225,
270,450,750,1050,1500,2100,2700]

aorta=[0,17423,10192,8354,8087,7793,7276,6929,
6664,5718,4809,4254,3720,3212,2827]

brain=[0,1698,3269,3467,3687,3896,4116,4283,
4520,5322,6440,7419,8770,10420,11795]

iliopsoas_muscle=[0,1376,2360,1909,1808,1802,1725,1720,
1637,1578,1524,1542,1523,1550,1586]

liver=[0,2591,8347,9783,9316,8777,8210,7872,
7297,6274,5205,4665,4075,3578,3228]

small_bowel=[0,1626,3583,3505,3539,3602,3625,3734,
4039,4835,5696,6517,7136,7851,8499]

urinary_bladder=[0,232,560,530,654,754,1548,3150,
6691,13503,18814,21618,23841,27200,30769]
